player:
  info:
    lastSeenAs: criperm19
homes:
  fnix:
    x: 474
    y: 64
    z: 1638
    yaw: -106.33826
    pitch: 16.904655
    world: world
  nether:
    x: 44
    y: 128
    z: -44
    yaw: -110.52606
    pitch: 23.597216
    world: world_nether
  red:
    x: 439
    y: 68
    z: -191
    yaw: -89.78081
    pitch: 22.10542
    world: world
  red2:
    x: 370
    y: 64
    z: -634
    yaw: 162.65349
    pitch: 14.715909
    world: world
